Log_Lik = -8.381732164242533e+02


    0.1145    0.0534    0.2595    0.4122    0.1603    0.0000    0.0000         0         0         0         0         0         0         0         0
         0    0.0000    0.0469    0.0000         0    0.9531         0    0.0000         0    0.0000         0    0.0000         0    0.0000    0.0000
    0.0000    0.0000         0    0.0000    0.0000    0.0000    0.9839         0         0         0         0    0.0000         0         0    0.0161
         0    0.0000         0         0         0    0.0000    0.0000    0.1058    0.0433    0.2788    0.0240    0.0865    0.0288    0.1971    0.2356


    0.6889    0.3111         0    0.0000
    0.0000    0.0000    0.3968    0.6032
    0.6333    0.3667    0.0000    0.0000
    0.0000         0    0.1787    0.8213

Log_Lik = -8.381732114168846e+02


    0.1145    0.0534    0.2595    0.4122    0.1603    0.0000    0.0000         0         0    0.0000         0         0         0         0    0.0000
         0    0.0000    0.0469    0.0000         0    0.9531         0    0.0000         0    0.0000         0    0.0000         0    0.0000    0.0000
         0    0.0000         0         0         0    0.0000    0.0000    0.1058    0.0433    0.2788    0.0240    0.0865    0.0288    0.1971    0.2356
    0.0000    0.0000         0    0.0000    0.0000    0.0000    0.9839    0.0000    0.0000    0.0000    0.0000    0.0000         0    0.0000    0.0161


    0.6889    0.3111    0.0000         0
    0.0000    0.0000    0.6032    0.3968
    0.0000    0.0000    0.8213    0.1787
    0.6333    0.3667    0.0000    0.0000

Log_Lik = -8.381732375675624e+02


    0.1145    0.0534    0.2595    0.4122    0.1603    0.0000    0.0000    0.0000         0    0.0000         0    0.0000         0    0.0000    0.0000
         0    0.0000    0.0469    0.0000         0    0.9531         0    0.0000         0    0.0000         0    0.0000         0    0.0000    0.0000
         0    0.0000    0.0000         0         0    0.0000    0.0000    0.1058    0.0433    0.2788    0.0240    0.0865    0.0288    0.1971    0.2356
    0.0000    0.0000         0    0.0000    0.0000    0.0000    0.9839    0.0000    0.0000    0.0000    0.0000    0.0000         0    0.0000    0.0161



    0.6889    0.3111    0.0000         0
    0.0000    0.0000    0.6032    0.3968
    0.0000    0.0000    0.8213    0.1787
    0.6333    0.3667    0.0000    0.0000

Log_Lik = -8.381732133603633e+02


    0.1145    0.0534    0.2595    0.4122    0.1603    0.0000    0.0000         0         0    0.0000         0         0         0         0    0.0000
    0.0000    0.0000         0    0.0000    0.0000    0.0000    0.9839    0.0000    0.0000    0.0000    0.0000    0.0000         0    0.0000    0.0161
         0    0.0000    0.0469    0.0000         0    0.9531         0    0.0000         0    0.0000         0    0.0000         0    0.0000    0.0000
         0    0.0000         0         0         0    0.0000    0.0000    0.1058    0.0433    0.2788    0.0240    0.0865    0.0288    0.1971    0.2356


    0.6889         0    0.3111    0.0000
    0.6333    0.0000    0.3667    0.0000
    0.0000    0.3968    0.0000    0.6032
    0.0000    0.1787    0.0000    0.8213

Log_Lik = -8.381732041930471e+02


    0.1145    0.0534    0.2595    0.4122    0.1603    0.0000    0.0000    0.0000         0    0.0000         0    0.0000         0    0.0000    0.0000
    0.0000    0.0000    0.0000    0.0000    0.0000    0.0000    0.9839    0.0000    0.0000    0.0000    0.0000    0.0000    0.0000    0.0000    0.0161
    0.0000    0.0000    0.0469    0.0000    0.0000    0.9531    0.0000    0.0000    0.0000    0.0000    0.0000    0.0000    0.0000    0.0000    0.0000
    0.0000    0.0000    0.0000    0.0000    0.0000    0.0000    0.0000    0.1058    0.0433    0.2788    0.0240    0.0865    0.0288    0.1971    0.2356


    0.6889    0.0000    0.3111    0.0000
    0.6333    0.0000    0.3667    0.0000
    0.0000    0.3968    0.0000    0.6032
    0.0000    0.1787    0.0000    0.8213

Log_Lik = -8.381731859332772e+02


    0.1145    0.0534    0.2595    0.4122    0.1603    0.0000    0.0000    0.0000         0    0.0000         0    0.0000         0    0.0000    0.0000
    0.0000    0.0000         0    0.0000    0.0000    0.0000    0.9839    0.0000    0.0000    0.0000    0.0000    0.0000         0    0.0000    0.0161
    0.0000    0.0000    0.0000         0    0.0000    0.0000    0.0000    0.1058    0.0433    0.2788    0.0240    0.0865    0.0288    0.1971    0.2356
    0.0000    0.0000    0.0469    0.0000    0.0000    0.9531    0.0000    0.0000         0    0.0000    0.0000    0.0000    0.0000    0.0000    0.0000


    0.6889    0.0000    0.0000    0.3111
    0.6333    0.0000    0.0000    0.3667
    0.0000    0.1787    0.8213    0.0000
    0.0000    0.3968    0.6032    0.0000


Log_Lik = -8.381731815347255e+02



    0.1145    0.0534    0.2595    0.4122    0.1603    0.0000    0.0000         0         0    0.0000         0         0         0    0.0000    0.0000
         0    0.0000    0.0000         0         0    0.0000    0.0000    0.1058    0.0433    0.2788    0.0240    0.0865    0.0288    0.1971    0.2356
         0    0.0000    0.0469    0.0000         0    0.9531         0    0.0000         0    0.0000         0    0.0000         0    0.0000    0.0000
    0.0000    0.0000         0    0.0000    0.0000    0.0000    0.9839    0.0000    0.0000    0.0000    0.0000    0.0000         0    0.0000    0.0161


    0.6889    0.0000    0.3111         0
    0.0000    0.8213    0.0000    0.1787
    0.0000    0.6032    0.0000    0.3968
    0.6333    0.0000    0.3667    0.0000