Log_Lik = -2.507003835181316e+03

Emis =

    0.0353    0.0000    0.0597    0.1766    0.4261    0.0000    0.0000    0.0063    0.0060    0.0037    0.0035    0.0342    0.0030    0.0807    0.1649
    0.0000    0.0000    0.0000    0.0056    0.0253    0.0000    0.2779    0.0368    0.2304    0.0069    0.1081    0.1378    0.1711    0.0000    0.0000
    0.0000    0.0000    0.0000    0.1189    0.1652    0.0000    0.0230    0.4716    0.0586    0.0069    0.0496    0.0232    0.0252    0.0320    0.0258
         0    0.0000         0    0.0000    0.0000    0.9309    0.0000    0.0345    0.0000    0.0000    0.0000    0.0122    0.0000    0.0058    0.0165
         0    0.0176         0    0.0000    0.0000    0.0000    0.0070    0.0000    0.0216    0.6986    0.2267    0.0285    0.0000    0.0000    0.0000

Trans = 

    0.7198    0.0493    0.2140    0.0169    0.0000
    0.0750    0.8078    0.0000    0.0491    0.0681
    0.0000    0.0268    0.0000    0.1618    0.8114
    0.2706    0.0536    0.2269    0.0000    0.4489
    0.0145    0.0078    0.1031    0.8736    0.0010


Log_Lik = -2.507003475630028e+03

Emis =

    0.0353    0.0000    0.0597    0.1766    0.4261    0.0001    0.0000    0.0063    0.0060    0.0037    0.0035    0.0342    0.0030    0.0807    0.1648
    0.0000    0.0000    0.0000    0.0056    0.0253    0.0000    0.2779    0.0368    0.2304    0.0069    0.1081    0.1378    0.1711    0.0000    0.0000
    0.0000    0.0000    0.0000    0.1190    0.1653    0.0000    0.0230    0.4716    0.0586    0.0069    0.0496    0.0232    0.0252    0.0320    0.0258
         0    0.0000         0    0.0000    0.0000    0.9309    0.0000    0.0345    0.0000    0.0000    0.0000    0.0122    0.0000    0.0058    0.0165
         0    0.0176         0    0.0000    0.0000    0.0000    0.0070    0.0000    0.0216    0.6986    0.2267    0.0285    0.0000    0.0000    0.0000

Trans =

         0    0.2979    0.4053    0.2482    0.0485
    0.0260    0.7156    0.0424    0.1580    0.0580
    0.8855    0.0091    0.0009    0.0887    0.0159
    0.1425    0.0000    0.6524    0.1884    0.0167
    0.0872    0.0689    0.0384    0.0000    0.8055


Log_Lik = -2.507479484441419e+03

Emis =

    0.0350    0.0000    0.0593    0.1790    0.4300    0.0000    0.0000    0.0063    0.0061    0.0000    0.0034    0.0337    0.0031    0.0777    0.1664
         0    0.0175         0    0.0000    0.0000    0.0000    0.0069    0.0000    0.0212    0.6997    0.2248    0.0298    0.0000    0.0000    0.0000
         0    0.0000    0.0000    0.0000    0.0000    0.9278    0.0000    0.0325    0.0000    0.0000    0.0000    0.0125    0.0000    0.0103    0.0168
    0.0000    0.0000    0.0000    0.0056    0.0254    0.0000    0.2782    0.0364    0.2306    0.0069    0.1078    0.1377    0.1714    0.0000    0.0000
    0.0000    0.0000    0.0000    0.1144    0.1548    0.0000    0.0242    0.4876    0.0608    0.0069    0.0528    0.0219    0.0259    0.0306    0.0201

Trans =

    0.7186    0.0178    0.0167    0.0490    0.1979
    0.0147    0.0005    0.8708    0.0072    0.1069
    0.2735    0.4474    0.0000    0.0529    0.2262
    0.0751    0.0679    0.0486    0.8084    0.0000
    0.0000    0.8025    0.1695    0.0280    0.0000





>> Emis{36,1} -2.506965266403322e+03

ans =

    0.0351    0.0000    0.0594    0.1759    0.4244    0.0006    0.0022    0.0064    0.0061    0.0036    0.0035    0.0351    0.0031    0.0804    0.1641
    0.0000    0.0000    0.0000    0.1186    0.1650    0.0000    0.0231    0.4715    0.0588    0.0069    0.0494    0.0240    0.0252    0.0318    0.0257
         0    0.0000         0    0.0000    0.0000    0.9311    0.0000    0.0343    0.0000    0.0000    0.0000    0.0122    0.0000    0.0059    0.0166
    0.0000    0.0000         0    0.0056    0.0252    0.0000    0.2760    0.0363    0.2320    0.0068    0.1092    0.1366    0.1722    0.0000    0.0000
         0    0.0176         0    0.0000    0.0000         0    0.0069    0.0000    0.0215    0.6991    0.2266    0.0283    0.0000    0.0000    0.0000

>> Emis{38,1} -2.507003830235565e+03

ans =

    0.0353    0.0000    0.0597    0.1766    0.4261    0.0000    0.0000    0.0063    0.0060    0.0037    0.0035    0.0342    0.0030    0.0807    0.1649
    0.0000    0.0000         0    0.0056    0.0253    0.0000    0.2779    0.0368    0.2304    0.0069    0.1081    0.1378    0.1711    0.0000    0.0000
         0         0         0    0.0000    0.0000    0.9309    0.0000    0.0345    0.0000    0.0000    0.0000    0.0122    0.0000    0.0058    0.0165
         0    0.0176         0    0.0000    0.0000         0    0.0070    0.0000    0.0216    0.6986    0.2267    0.0285    0.0000    0.0000    0.0000
    0.0000    0.0000    0.0000    0.1189    0.1652    0.0000    0.0230    0.4716    0.0586    0.0069    0.0496    0.0232    0.0252    0.0320    0.0258

>> Trans{36,1}

ans =

    0.7218    0.2140    0.0164    0.0478    0.0000
    0.0000    0.0000    0.1614    0.0274    0.8112
    0.2718    0.2275    0.0000    0.0517    0.4490
    0.0725    0.0000    0.0501    0.8108    0.0666
    0.0145    0.1031    0.8734    0.0080    0.0010

>> Trans{38,1}

ans =

    0.7198    0.0493    0.0169    0.0000    0.2140
    0.0750    0.8078    0.0491    0.0681    0.0000
    0.2706    0.0536    0.0000    0.4489    0.2269
    0.0145    0.0078    0.8736    0.0010    0.1031
    0.0000    0.0268    0.1618    0.8114    0.0000

>> 