Log_Lik = -1.242257601562882e+03

    0.0793    0.0000    0.1524    0.3659    0.4024         0         0         0         0         0         0         0         0         0         0
    0.0200         0    0.0000    0.0000         0         0    0.9800         0         0    0.0000         0    0.0000         0         0         0
    0.0169    0.1525    0.0000         0         0    0.8305         0    0.0000         0         0         0         0         0    0.0000         0
    0.0025         0         0         0         0    0.0000    0.0000    0.1091    0.0939    0.2919    0.0279    0.0838    0.0330    0.1396    0.2183


    0.8125    0.0000    0.1875    0.0000
    0.4468         0    0.5532    0.0000
    0.0000    0.1961    0.0000    0.8039
         0    0.1018    0.0000    0.8982


Log_Lik = -1.242257610423879e+03

    0.0793    0.0000    0.1524    0.3659    0.4024         0         0         0         0         0         0         0         0         0         0
    0.0169    0.1525    0.0000         0    0.0000    0.8305         0    0.0000         0         0         0         0         0    0.0000         0
    0.0025         0         0         0         0    0.0000    0.0000    0.1091    0.0939    0.2919    0.0279    0.0838    0.0330    0.1396    0.2183
    0.0200         0    0.0000    0.0000         0         0    0.9800         0         0    0.0000         0    0.0000         0         0         0


    0.8125    0.1875    0.0000    0.0000
    0.0000    0.0000    0.8039    0.1961
         0    0.0000    0.8982    0.1018
    0.4468    0.5532    0.0000         0


Log_Lik = -1.242257578768196e+03



    0.0793    0.0000    0.1524    0.3659    0.4024         0         0         0         0         0         0         0         0         0         0
    0.0200         0    0.0000    0.0000         0         0    0.9800         0         0    0.0000         0    0.0000         0         0         0
    0.0025         0         0         0         0    0.0000    0.0000    0.1091    0.0939    0.2919    0.0279    0.0838    0.0330    0.1396    0.2183
    0.0169    0.1525    0.0000         0    0.0000    0.8305         0    0.0000         0         0         0         0         0    0.0000         0

    0.8125    0.0000    0.0000    0.1875
    0.4468         0    0.0000    0.5532
         0    0.1018    0.8982    0.0000
    0.0000    0.1961    0.8039    0.0000


Log_Lik = -1.242257610782222e+03


    0.0793    0.0000    0.1524    0.3659    0.4024         0         0         0         0         0         0         0         0         0         0
    0.0169    0.1525    0.0000         0    0.0000    0.8305    0.0000    0.0000    0.0000    0.0000    0.0000    0.0000         0    0.0000    0.0000
    0.0200    0.0000    0.0000    0.0000         0         0    0.9800         0    0.0000    0.0000    0.0000    0.0000         0    0.0000    0.0000
    0.0025    0.0000         0         0         0    0.0000    0.0000    0.1091    0.0939    0.2919    0.0279    0.0838    0.0330    0.1396    0.2183


    0.8125    0.1875    0.0000    0.0000
    0.0000    0.0000    0.1961    0.8039
    0.4468    0.5532         0    0.0000
         0    0.0000    0.1018    0.8982

Log_Lik = -1.242257615673646e+03


    0.0793    0.0000    0.1524    0.3659    0.4024         0         0         0         0         0         0         0         0         0         0
    0.0200         0    0.0000    0.0000         0         0    0.9800         0         0    0.0000         0    0.0000         0         0         0
    0.0025         0         0         0         0    0.0000    0.0000    0.1091    0.0939    0.2919    0.0279    0.0838    0.0330    0.1396    0.2183
    0.0169    0.1525    0.0000         0    0.0000    0.8305         0    0.0000         0         0         0         0         0    0.0000         0


    0.8125    0.0000    0.0000    0.1875
    0.4468         0    0.0000    0.5532
         0    0.1018    0.8982    0.0000
    0.0000    0.1961    0.8039    0.0000